----------------------------------------------
Q1
----------------------------------------------
State ints: 13214124
Input: 1 3 2 1 4 1 2 4 
Input:      1 3 2 1 4 1 2 4 
Ascending:  1 1 1 2 2 3 4 4 

----------------------------------------------
Q2
----------------------------------------------
State ints: 314948713417
Input: 3 1 4 9 4 8 7 1 3 4 1 7 
Input:      3 1 4 9 4 8 7 1 3 4 1 7 
Ascending:  1 1 1 3 3 4 4 4 7 7 8 9 
Performed 29 swaps
Descending: 9 8 7 7 4 4 4 3 3 1 1 1 

----------------------------------------------
Q3
----------------------------------------------
State ints: 91273894684
Input: 9 1 2 7 3 8 9 4 6 8 4 
Input:      9 1 2 7 3 8 9 4 6 8 4 
Ascending:  1 2 3 4 4 6 7 8 8 9 9 
Performed 22 swaps
Descending: 9 9 8 8 7 6 4 4 3 2 1 

----------------------------------------------
Q4
----------------------------------------------
State ints: 29057491
Input: 2 9 0 5 7 4 9 1 
[0,2], [2,0]
[0,2], [7,1]
[1,9], [2,0]
[1,9], [3,5]
[1,9], [4,7]
[1,9], [5,4]
[1,9], [7,1]
[3,5], [5,4]
[3,5], [7,1]
[4,7], [5,4]
[4,7], [7,1]
[5,4], [7,1]
[6,9], [7,1]
13 inversions

Input:      2 9 0 5 7 4 9 1 
Ascending:  0 1 2 4 5 7 9 9 
Performed 13 swaps
Descending: 9 9 7 5 4 2 1 0 

----------------------------------------------
Q5
----------------------------------------------
$ ./Q5.exe
Input:   4 -2  3 -1 -9  13
Sorted: -2 -1 -9  4  3  13

----------------------------------------------
Q6
----------------------------------------------
$ ./Q6.exe
Input:   4 -2  3 -1 -9  13
Sorted: -2 -1 -9  4  3  13

----------------------------------------------
Q7
----------------------------------------------
$ cat input.txt
4659751903

$ ./Q7.exe < input.txt
Original List: []
List after adding (4): [4]
List after adding (6): [4], [6]
List after adding (5): [4], [5], [6]
List after adding (9): [4], [5], [6], [9]
List after adding (7): [4], [5], [6], [7], [9]
List after adding (5): [4], [5], [5], [6], [7], [9]
List after adding (1): [1], [4], [5], [5], [6], [7], [9]
List after adding (9): [1], [4], [5], [5], [6], [7], [9], [9]
List after adding (0): [0], [1], [4], [5], [5], [6], [7], [9], [9]
List after adding (3): [0], [1], [3], [4], [5], [5], [6], [7], [9], [9]
Final List: [0], [1], [3], [4], [5], [5], [6], [7], [9], [9]
